64593
64382
64527
64384
63934
64270
64365
64265
64236
65588
127670
127564
126570
127949
127727
130266
126916
127595
128408
127833
191974
192961
192801
192706
191801
192967
192373
195524
194883
192981
258330
257620
258461
256048
257517
255378
258468
257169
258803
263394
321625
323769
319654
322460
320757
321211
318385
320752
320677
320359
388961
384653
386833
384342
386201
384636
399587
385129
384089
386254
447424
448669
451476
452346
448955
459773
452962
453055
449757
451215
513534
513534
512871
514809
516781
514323
514436
513955
514890
520499
585839
581671
579582
578865
578062
578404
593879
580997
578100
579633
642576
642194
642869
646092
644609
644991
646605
644233
646956
645318
701401
698279
697832
697672
698840
707752
702755
702774
705881
700890
766828
794881
772961
763999
767050
766881
767154
768101
774734
771359
834358
850617
836509
834422
839756
835504
835620
836588
832993
829025
896026
897512
896971
897955
901969
894992
898248
907111
903900
901256
961331
966832
969918
964124
980755
965177
967929
962606
965824
965580
1029327
1031269
1033024
1028230
1026590
1041628
1021036
1026080
1026812
1030297
1125882
1093585
1088963
1091744
1099648
1124179
1094268
1087141
1091374
1086968
1152449
1191485
1164815
1162461
1158485
1158330
1173041
1161945
1158316
1157820
1218337
1242185
1263652
1222492
1230378
1236522
1227928
1225602
1212921
1225564
1284932
1321798
1287148
1291599
1330732
1306036
1281639
1306455
1296540
1296725
1348214
1355377
1340688
1382285
1357739
1361448
1346399
1348157
1353867
1346934
1421357
1417080
1419724
1413761
1429691
1415795
1408935
1402037
1412372
1417683
1474099
1508162
1474122
1468182
1489527
1475857
1478190
1479072
1486438
1475813
1547247
1538082
1569258
1540260
1533519
1546545
1542044
1540228
1549265
1542767
1601739
1595469
1605234
1607947
1608711
1606556
1597346
1615406
1604663
1620308
1663007
1669762
1669251
1669135
1684959
1672629
1670916
1669572
1673670
1665261
1721869
1723810
1738275
1733378
1763908
1724336
1734023
1740249
1722264
1743521
1795170
1797806
1808885
1829342
1807756
1803278
1810989
1819796
1788002
1808732
1864356
1861072
1861513
1862475
1867462
1850665
1852005
1848530
1858939
1870860
1920192
1923230
1934079
1919012
1933773
1926318
1932817
1925933
1923646
1948136
1997910
1999389
2010121
1980686
1987543
1985227
1990280
1994469
1989481
1983243
2050234
2089005
2054672
2056357
2054557
2053181
2055694
2191221
2049208
2064325
2117341
2108293
2124067
2144369
2125681
2147857
2127160
2122886
2112003
2117986
2195077
2173877
2189489
2181358
2188483
2185835
2221908
2198033
2200205
2195769
2247741
2260231
2295945
2255272
2254433
2241217
2261089
2282609
2235846
2246130
2307325
2314494
2332306
2338387
2328059
2314903
2315154
2320749
2322059
2311937
2380657
2371245
2365938
2379096
2384172
2372110
2373391
2355317
2371621
2382768
2444409
2451766
2440860
2452705
2459328
2470851
2457639
2442314
2473781
2438271
2494290
2509575
2525073
2510625
2511217
2493315
2524922
2538365
2507640
2507845
2566056
2573032
2560657
2597516
2566636
2576288
2567720
2580871
2563890
2585284
2639325
2634333
2661464
2641391
2646029
2637462
2627278
2649126
2614611
2623995
2680919
2715432
2701878
2698779
2695855
2718786
2687168
2696455
2684188
2706846
2774359
2765429
2779230
2776954
2776140
2750016
2769849
2766619
2749862
2773549
2845465
2829913
2826377
2835339
2805955
2821074
2835476
2830373
2830547
2862857
2891339
2891926
2891329
2906433
2889911
2893114
2897673
2897494
2893231
2890779
2958797
2939215
2965882
2959898
2936977
2932852
2945299
2967284
2946928
2951523
3045503
3033021
3016730
3052394
3054739
3059729
3036776
3034461
3038682
3047334
3129712
3124434
3105291
3133113
3121062
3104166
3098345
3103946
3095804
3093270
3163829
3178660
3211535
3168846
3170048
3201236
3188915
3171545
3195705
3192011
3231856
3237220
3268296
3243035
3230258
3259021
3292180
3264239
3260949
3271505
