90923
87274
87326
87686
87222
87303
87113
89032
87271
86986
92137
92368
92713
94013
92666
92441
92410
92508
92595
92319
98556
96871
97072
100748
97132
96971
98414
97224
96984
97035
101069
105758
100954
101444
100997
101063
101020
106225
104057
101527
105229
105529
106862
105307
105152
104142
105477
106794
105152
105304
109237
114469
109277
109056
109422
109178
110676
109332
109574
109173
114887
113610
113589
113577
118089
113334
113130
113839
113309
114856
117158
117178
117174
118584
117124
117323
117043
118680
116997
116995
121345
122774
121172
121315
121324
122813
121419
121641
121409
122945
125413
125952
130327
125467
125614
125635
127185
125818
131041
125261
133604
129226
129349
129102
130842
129464
129345
129158
130690
129356
133247
134639
133315
133202
137820
133114
133153
134784
133214
133701
138781
137553
136547
138883
137738
137312
142216
137665
137473
138946
141580
141573
143248
140384
141328
143065
141491
141280
146386
141627
145101
146858
145234
145098
146683
145096
145557
146886
145425
146017
151728
149250
149402
150738
149423
149298
150794
149444
151367
150765
152523
158431
153671
153494
155209
154119
153669
155429
153555
153958
159087
157528
158198
159011
157616
157659
159048
157713
157602
158926
161767
167009
161838
165468
163385
162086
161858
163455
161735
161850
167261
166089
165931
167669
166089
166315
167387
166357
167225
167572
170151
171872
170065
170167
171648
169887
175042
170180
170198
171445
173660
175163
173637
175115
173242
174989
173576
177958
173422
178328
178639
179856
178490
179616
178360
179934
178450
183479
178372
180986
182326
183745
182436
183922
182313
183636
182457
183824
182026
186972
186094
187393
186231
196862
186494
187759
186480
187538
186335
187828
190407
191973
190502
191897
190219
191906
190276
191711
190105
191532
193753
195394
194123
195752
193647
195856
194660
195337
194168
195525
197793
199626
198110
206127
198042
199772
198140
199496
198081
199576
202480
203680
202611
203989
202232
203845
202404
204276
202566
207348
206792
208127
206661
207869
215103
208253
206404
207676
206495
207867
210227
211707
210415
212164
210145
211933
210341
211955
210399
212089
214405
215934
214510
215881
214517
215970
214341
215630
214384
215644
222927
218783
220100
218661
219957
218670
220301
218346
220092
218486
224279
222913
224306
222953
224386
222795
224524
222840
223958
222746
228071
226712
228087
226971
228044
226636
227997
226504
228121
226622
232247
230634
232436
230769
232194
230775
232193
231026
232235
230875
236616
235129
236114
234624
236345
234540
236284
234876
236062
234606
240679
239062
240354
239045
240738
239212
240376
239273
240451
238907
244698
242965
244699
242947
244966
243112
244472
242761
244344
243312
248406
246937
248590
246888
251513
247034
255246
247192
248585
247197
252327
251098
252441
250923
252716
251000
252640
251018
252653
251285
259127
255521
258429
255493
257288
255779
257298
255763
257109
255616
261882
258946
260547
258819
260333
259338
260472
258988
260276
258794
266327
263331
265038
263260
264750
263366
265023
263258
264714
263323
270564
267608
269121
268163
268815
267230
268843
267458
272187
267245
274886
271803
273190
271559
273431
271602
273120
271585
273141
271550
278531
275535
277806
280081
277385
275611
277109
275603
277109
275656
282340
279679
281850
279728
280849
279500
280129
279361
280924
279506
287472
284642
285868
284294
285653
289408
284316
285526
283758
282667
289116
292843
287389
289075
287618
289366
287841
291001
287895
289399
